0.462 1.084 1.114 1.969
0.46 1.326 1.343 2
1.06 1.755 0 0.96
0.705 1.244 1.287 2
0.315 2 0 0.232
0.659 1.34 1.436 2
0.2 0.836 0.914 1.258
0.702 1.4 0 0.6
0.354 1.145 0 0.329
0.6 1.265 1.4 2
0.574 1.092 1.294 2
0.638 1.234 0 0.564
0.8 1.517 0 0.748
0.6 1.6 0.148 0.56
0.304 1 1.12 2
0.425 1.173 1.336 2
0.6 1.258 0 0.6
0.8 1.542 0 0.8
0.475 1.372 1.372 1.8
0.975 1.574 1.656 2
0.436 1.248 1.322 2
0.68 1.485 0 0.627
0.8 1.6 0 0.723
0.712 1.453 1.468 2
0.492 1.29 1.336 2
0.46 1.166 1.248 2
0.439 1.354 1.439 2
0.57 1.308 1.333 2
0.503 1.29 1.308 1.893
0.836 1.482 0.2 0.712
0.6 1.5 1.52 2
0.5 1.297 1.4 2
0.297 1.046 1.06 1.47
0.6 1.514 0 0.521
0.6 1.4 1.4 2
0.315 1.095 1.12 1.8
0.5 1.134 1.2 1.847
0.6 1.2 1.322 2
0.534 1.304 0 0.4
0.719 1.464 0 0.684
0.092 0.872 0.84 1.2
0.8 1.631 0 0.765
0.46 1.23 1.251 2
0.092 0.6 0.659 1.879
0.535 1.432 1.432 2
0.542 1.2 1.308 2
0.166 0.8 0.946 1.273
0.517 1.334 1.539 2
0.702 1.432 0 0.46
0.312 0.904 0.975 2
0.6 1.553 0 0.539
0.627 1.17 0 0.6
0.4 0.957 1.244 2
0.684 1.354 0 0.638
0.574 1.262 1.283 2
0.336 1.574 1.6 2
0.485 1.8 0 0.4
0.893 1.443 0 0.851
0.648 1.556 0 0.6
0.748 1.319 1.361 2
0.8 1.372 0 0.326
0.829 1.546 1.656 2
1.567 2 0 0.684
0.641 1.56 0.2 0.6
0.45 1.2 1.28 2 