0.460 1.773 0 0.439
1.258 2 0 1.241
0.645 1.556 1.567 2
0.6 1.645 0 0.507
0 0.872 1.297 2
0.241 1 1.326 2
0.542 1.6 0 0.6
0.4 1.911 0 0.173
1 2 0 0.8
0.563 1.124 0 0.549
0 1.719 1.741 2
0.237 1.092 1.156 2
0.8 1.521 0 0.744
0.358 1.273 1.308 2
1 2 0.2 0.918
0.305 1.751 0 0.303
0.124 1.2 1.3 2
1.148 1.907 0 0.4
0 0.946 1.102 1.457
1.163 1.567 0 0.897
1.251 1.943 0.163 1.138
1.2 1.84 0 0.957
0.918 2 0.049 0.8
0.485 1.269 0 0.457
0.127 1.943 0 0.131
1.2 2 0 0.521
0.468 2 0 0.432
0.4 0.886 1.113 2
1.159 2 0.482 1.049
0.858 2 0 0.8
0.45 1.226 1.34 2
1.154 1.985 0 0.4
0.4 1.4 1.574 2
0.251 1.028 1.156 2
0.464 1.457 1.485 2
0.485 1.425 0 0.446
0.248 1.34 1.351 2
0.8 2 0 0.124
0.2 1 1.06 2 